21909343 33326
21909357 33326
21909367 33326
21909373 33326
21909385 33326
21909387 33326
21909427 33326
21909433 33326
21909505 33326
21909517 33326
21909519 33326
21909583 33326
21909603 33326
21909607 33326
21909609 33326
21909625 33326
21909679 33326
21909693 33326
21909703 33326
21909705 33326
21909745 33326
21909769 33326
21909793 33326
21909819 33326
21909825 33326
21909849 33326
21909859 33326
21909873 33326
21909889 33326
21909897 33326
21909925 33326
21909957 33326
21909975 33326
21909979 33326
21909997 33326
21910029 33326
21910039 33326
21910045 33326
21910077 33326
21910095 33326
21910113 33326
21910143 33326
21910149 33326
21910197 33326
21910207 33326
21910209 33326
21910233 33326
21910287 33326
21910305 33326
21910309 33326
21910315 33326
21910335 33326
21910363 33326
21910387 33326
21910417 33326
21910459 33326
21910485 33326
21910513 33326
21910549 33326
21910563 33326
21910573 33326
21910575 33326
21910585 33326
21910639 33326
21910665 33326
21910725 33326
21910755 33326
21910759 33326
21910767 33326
21910777 33326
21910809 33326
21910813 33326
21910855 33326
21910885 33326
21910893 33326
21910923 33326
21910947 33326
21910959 33326
21910963 33326
21910969 33326
21910993 33326
21911019 33326
21911043 33326
21911065 33326
21911067 33326
21911077 33326
21911085 33326
21911107 33326
21911133 33326
21911173 33326
21911175 33326
21911185 33326
21911193 33326
21911197 33326
21911199 33326
21911259 33326
21911263 33326
21911289 33326
21911299 33326
21911305 33326
21911397 33326
21911403 33326
21911407 33326
21911427 33326
21911455 33326
21911473 33326
21911499 33326
21911515 33326
21911535 33326
21911563 33326
21911565 33326
21911569 33326
21911575 33326
21911613 33326
21911617 33326
21911623 33326
21911625 33326
21911667 33326
21911707 33326
21911715 33326
21911749 33326
21911767 33326
21911773 33326
21911817 33326
21911833 33326
21911883 33326
21911889 33326
21911905 33326
21911913 33326
21911917 33326
21911935 33326
21911953 33326
21911977 33326
21912019 33326
21912025 33326
21912057 33326
21912067 33326
21912079 33326
21912099 33326
21912135 33326
21912145 33326
21912165 33326
21912187 33326
21912195 33326
21912207 33326
21912213 33326
21912219 33326
21912225 33326
21912247 33326
21912277 33326
21912285 33326
21912289 33326
21912297 33326
21912307 33326
21912319 33326
21912327 33326
21912339 33326
21912355 33326
21912373 33326
21912393 33326
21912409 33326
21912433 33326
21912487 33326
21912505 33326
21912513 33326
21912555 33326
21912577 33326
21912597 33326
21912723 33326
21912747 33326
21912793 33326
21912795 33326
21912813 33326
21912825 33326
21912849 33326
21912879 33326
21912885 33326
21912895 33326
21912913 33326
21912915 33326
21912925 33326
21912955 33326
21912957 33326
21912967 33326
21912969 33326
21912993 33326
21912997 33326
21913035 33326
21913053 33326
21913059 33326
21913087 33326
21913105 33326
21913123 33326
21913129 33326
21913143 33326
21913159 33326
21913195 33326
21913237 33326
21913269 33326
21913287 33326
21913305 33326
21913333 33326
21913389 33326
21913413 33326
21913429 33326
21913465 33326
21913483 33326
21913485 33326
21913495 33326
21913515 33326
21913527 33326
21913537 33326
21913545 33326
21913549 33326
21913593 33326
21913629 33326
21913647 33326
21913657 33326
21913663 33326
21913665 33326
21913675 33326
21913677 33326
21913707 33326
21913735 33326
21913749 33326
21913759 33326
21913783 33326
21913803 33326
21913807 33326
21913849 33326
21913867 33326
21913879 33326
21913905 33326
21913917 33326
21913923 33326
21913935 33326
21913945 33326
21914017 33326
21914053 33326
21914109 33326
21914115 33326
21914175 33326
21914179 33326
21914209 33326
21914227 33326
21914253 33326
21914263 33326
21914295 33326
21914299 33326
21914313 33326
21914329 33326
21914343 33326
21914347 33326
21914377 33326
21914395 33326
21914397 33326
21914403 33326
21914419 33326
21914433 33326
21914439 33326
21914487 33326
21914497 33326
21914523 33326
21914539 33326
21914575 33326
21914589 33326
21914605 33326
21914629 33326
21914647 33326
21914665 33326
21914677 33326
21914719 33326
21914739 33326
21914749 33326
21914757 33326
21914763 33326
21914785 33326
21914797 33326
21914799 33326
21914809 33326
21914839 33326
21914869 33326
21914929 33326
21914949 33326
21914977 33326
21914983 33326
21915015 33326
21915025 33326
21915027 33326
21915037 33326
21915057 33326
21915085 33326
21915099 33326
21915103 33326
21915127 33326
21915133 33326
21915139 33326
21915165 33326
21915175 33326
21915183 33326
21915193 33326
21915243 33326
21915259 33326
21915285 33326
21915333 33326
21915337 33326
21915399 33326
21915417 33326
21915435 33326
21915439 33326
21915447 33326
21915505 33326
21915513 33326
21915565 33326
21915579 33326
21915613 33326
21915645 33326
21915655 33326
21915679 33326
21915687 33326
21915727 33326
21915739 33326
21915747 33326
21915783 33326
21915805 33326
21915813 33326
21915849 33326
21915865 33326
21915883 33326
21915919 33326
21915939 33326
21915945 33326
21915979 33326
21916003 33326
21916009 33326
21916045 33326
21916047 33326
21916059 33326
21916075 33326
21916089 33326
21916099 33326
21916129 33326
21916159 33326
21916167 33326
21916173 33326
21916177 33326
21916203 33326
21916233 33326
21916245 33326
21916257 33326
21916273 33326
21916297 33326
21916317 33326
21916327 33326
21916335 33326
21916357 33326
21916359 33326
21916363 33326
21916377 33326
21916383 33326
21916387 33326
21916393 33326
21916405 33326
21916449 33326
21916479 33326
21916489 33326
21916503 33326
21916507 33326
21916509 33326
21916533 33326
21916537 33326
21916539 33326
21916545 33326
21916575 33326
21916623 33326
21916653 33326
21916657 33326
21916663 33326
21916713 33326
21916717 33326
21916735 33326
21916743 33326
21916759 33326
21916765 33326
21916779 33326
21916785 33326
21916789 33326
21916797 33326
21916815 33326
21916839 33326
21916849 33326
21916903 33326
21916915 33326
21916917 33326
21916927 33326
21916959 33326
21916969 33326
21916975 33326
21916987 33326
21916993 33326
21916995 33326
21917037 33326
21917043 33326
21917065 33326
21917095 33326
21917109 33326
21917155 33326
21917175 33326
21917233 33326
21917235 33326
21917247 33326
21917307 33326
21917323 33326
21917347 33326
21917349 33326
21917373 33326
21917389 33326
21917413 33326
21917415 33326
21917437 33326
21917463 33326
21917475 33326
21917485 33326
21917487 33326
21917497 33326
21917533 33326
21917553 33326
21917563 33326
21917595 33326
21917599 33326
21917617 33326
21917625 33326
21917647 33326
21917655 33326
21917667 33326
21917679 33326
21917683 33326
21917703 33326
21917709 33326
21917725 33326
21917763 33326
21917805 33326
21917809 33326
21917823 33326
21917839 33326
21917853 33326
21917893 33326
21917937 33326
21917947 33326
21917955 33326
21917959 33326
21917973 33326
21917997 33326
21918009 33326
21918057 33326
21918073 33326
21918099 33326
21918105 33326
21918123 33326
21918135 33326
21918157 33326
21918219 33326
21918273 33326
21918277 33326
21918285 33326
21918325 33326
21918333 33326
21918337 33326
21918339 33326
21918355 33326
21918373 33326
21918387 33326
21918399 33326
21918423 33326
21918469 33326
21918499 33326
21918525 33326
21918567 33326
21918609 33326
21918619 33326
21918633 33326
21918663 33326
21918667 33326
21918703 33326
21918715 33326
21918723 33326
21918729 33326
21918733 33326
21918745 33326
21918747 33326
21918799 33326
21918805 33326
21918807 33326
21918829 33326
21918847 33326
21918873 33326
21918879 33326
21918883 33326
21918885 33326
21918919 33326
21918943 33326
21918957 33326
21919003 33326
21919005 33326
21919009 33326
21919027 33326
21919045 33326
21919083 33326
21919089 33326
21919117 33326
21919155 33326
21919165 33326
21919213 33326
21919243 33326
21919263 33326
21919267 33326
21919275 33326
21919317 33326
21919327 33326
21919335 33326
21919347 33326
21919353 33326
21919359 33326
21919389 33326
21919417 33326
21919419 33326
21919449 33326
21919479 33326
21919543 33326
21919555 33326
21919569 33326
21919593 33326
21919603 33326
21919633 33326
21919647 33326
21919653 33326
21919669 33326
21919689 33326
21919747 33326
21919753 33326
21919755 33326
21919765 33326
21919795 33326
21919803 33326
21919825 33326
21919839 33326
21919843 33326
21919869 33326
21919923 33326
21919933 33326
21919957 33326
21919965 33326
21919989 33326
21920037 33326
21920059 33326
21920067 33326
21920077 33326
21920079 33326
21920089 33326
21920097 33326
21920143 33326
21920185 33326
21920193 33326
21920209 33326
21920257 33326
21920269 33326
21920349 33326
21920367 33326
21920373 33326
21920409 33326
21920415 33326
21920445 33326
21920455 33326
21920475 33326
21920497 33326
21920529 33326
21920535 33326
21920545 33326
21920559 33326
21920565 33326
21920569 33326
21920613 33326
21920623 33326
21920635 33326
21920637 33326
21920643 33326
21920665 33326
21920703 33326
21920713 33326
21920725 33326
21920727 33326
21920769 33326
21920775 33326
21920809 33326
21920887 33326
21920899 33326
21920917 33326
21920919 33326
21920973 33326
21921007 33326
21921049 33326
21921057 33326
21921063 33326
21921073 33326
21921099 33326
21921109 33326
21921145 33326
21921183 33326
21921189 33326
21921193 33326
21921223 33326
21921225 33326
21921243 33326
21921259 33326
21921267 33326
21921277 33326
21921283 33326
21921285 33326
21921295 33326
21921313 33326
21921339 33326
21921349 33326
21921397 33326
21921405 33326
21921463 33326
21921475 33326
21921495 33326
21921505 33326
21921517 33326
21921523 33326
21921549 33326
21921573 33326
21921577 33326
21921579 33326
21921627 33326
21921633 33326
21921645 33326
21921685 33326
21921699 33326
21921705 33326
21921715 33326
21921739 33326
21921753 33326
21921777 33326
21921787 33326
21921843 33326
21921865 33326
21921867 33326
21921889 33326
21921925 33326
21921927 33326
21921945 33326
21921985 33326
21921999 33326
21922075 33326
21922083 33326
21922095 33326
21922113 33326
21922119 33326
21922147 33326
21922155 33326
21922165 33326
21922209 33326
21922233 33326
21922237 33326
21922279 33326
21922309 33326
21922323 33326
21922333 33326
21922383 33326
21922399 33326
21922407 33326
21922419 33326
21922425 33326
21922509 33326
21922519 33326
21922543 33326
21922573 33326
21922575 33326
21922597 33326
21922615 33326
21922627 33326
21922729 33326
21922743 33326
21922747 33326
21922765 33326
21922767 33326
21922783 33326
21922795 33326
21922833 33326
21922837 33326
21922869 33326
21922875 33326
21922903 33326
21922933 33326
21922947 33326
21922953 33326
21923013 33326
21923059 33326
21923097 33326
21923143 33326
21923155 33326
21923163 33326
21923187 33326
21923197 33326
21923223 33326
21923257 33326
21923293 33326
21923313 33326
21923317 33326
21923365 33326
21923379 33326
21923395 33326
21923397 33326
21923419 33326
21923425 33326
21923433 33326
21923449 33326
21923467 33326
21923493 33326
21923497 33326
21923503 33326
21923505 33326
21923559 33326
21923569 33326
21923605 33326
21923617 33326
21923625 33326
21923635 33326
21923637 33326
21923679 33326
21923709 33326
21923713 33326
21923719 33326
21923727 33326
21923755 33326
21923797 33326
21923803 33326
21923815 33326
21923833 33326
21923877 33326
21923889 33326
21923967 33326
21923979 33326
21923989 33326
21924037 33326
21924079 33326
21924085 33326
21924099 33326
21924109 33326
21924123 33326
21924147 33326
21924175 33326
21924195 33326
21924213 33326
21924219 33326
21924225 33326
21924255 33326
21924265 33326
21924279 33326
21924289 33326
21924309 33326
21924339 33326
21924345 33326
21924357 33326
21924363 33326
21924379 33326
21924457 33326
21924475 33326
21924493 33326
21924507 33326
21924543 33326
21924553 33326
21924559 33326
21924567 33326
21924583 33326
21924585 33326
21924597 33326
21924613 33326
21924625 33326
21924639 33326
21924727 33326
21924735 33326
21924739 33326
21924813 33326
21924847 33326
21924903 33326
21924927 33326
21924937 33326
21924939 33326
21924969 33326
21924979 33326
21925005 33326
21925017 33326
21925035 33326
21925059 33326
21925087 33326
21925177 33326
21925197 33326
21925215 33326
21925225 33326
21925233 33326
21925245 33326
21925269 33326
21925273 33326
21925275 33326
21925333 33326
21925339 33326
21925353 33326
21925395 33326
21925407 33326
21925443 33326
21925455 33326
21925467 33326
21925473 33326
21925477 33326
21925497 33326
21925507 33326
21925513 33326
21925563 33326
21925567 33326
21925575 33326
21925605 33326
21925617 33326
21925645 33326
21925707 33326
21925747 33326
21925749 33326
21925773 33326
21925875 33326
21925887 33326
21925897 33326
21925903 33326
21925905 33326
21925915 33326
21925957 33326
21925969 33326
21925975 33326
21925977 33326
21926019 33326
21926023 33326
21926029 33326
21926055 33326
21926073 33326
21926079 33326
21926107 33326
21926145 33326
21926149 33326
21926209 33326
21926227 33326
21926233 33326
21926247 33326
21926263 33326
21926265 33326
21926269 33326
21926289 33326
21926313 33326
21926319 33326
21926353 33326
21926359 33326
21926379 33326
21926395 33326
21926403 33326
21926415 33326
21926445 33326
21926457 33326
21926467 33326
21926473 33326
21926475 33326
21926503 33326
21926517 33326
21926523 33326
21926535 33326
21926569 33326
21926593 33326
21926599 33326
21926659 33326
21926683 33326
21926685 33326
21926697 33326
21926727 33326
21926737 33326
21926755 33326
21926785 33326
21926799 33326
21926809 33326
21926829 33326
21926839 33326
21926853 33326
21926887 33326
21926907 33326
21926913 33326
21926925 33326
21926943 33326
21926995 33326
21927019 33326
21927039 33326
21927067 33326
21927073 33326
21927075 33326
21927093 33326
21927139 33326
21927159 33326
21927165 33326
21927205 33326
21927213 33326
21927223 33326
21927229 33326
21927273 33326
21927277 33326
21927297 33326
21927319 33326
21927343 33326
21927345 33326
21927367 33326
21927397 33326
21927399 33326
21927447 33326
21927457 33326
21927459 33326
21927489 33326
21927529 33326
21927535 33326
21927585 33326
21927607 33326
21927627 33326
21927639 33326
21927643 33326
21927663 33326
21927685 33326
21927733 33326
21927745 33326
21927783 33326
21927789 33326
21927819 33326
21927825 33326
21927847 33326
21927867 33326
21927873 33326
21927915 33326
21927919 33326
21927943 33326
21927949 33326
21927955 33326
21927975 33326
21927979 33326
21927993 33326
21927999 33326
21928017 33326
21928027 33326
21928029 33326
21928047 33326
21928059 33326
21928063 33326
21928105 33326
21928119 33326
21928123 33326
21928137 33326
21928155 33326
21928183 33326
21928189 33326
21928197 33326
21928203 33326
21928215 33326
21928257 33326
21928267 33326
21928309 33326
21928323 33326
21928327 33326
21928369 33326
21928399 33326
21928405 33326
21928413 33326
21928425 33326
21928447 33326
21928467 33326
21928489 33326
21928515 33326
21928525 33326
21928549 33326
21928563 33326
21928599 33326
21928659 33326
21928683 33326
21928699 33326
21928725 33326
21928735 33326
21928773 33326
21928785 33326
21928873 33326
21928879 33326
21928885 33326
21928893 33326
21928915 33326
21928917 33326
21928945 33326
21928963 33326
21928969 33326
21928995 33326
21928999 33326
21929005 33326
21929019 33326
21929025 33326
21929029 33326
21929037 33326
21929047 33326
21929077 33326
21929083 33326
21929097 33326
21929107 33326
21929109 33326
21929113 33326
21929145 33326
21929169 33326
21929187 33326
21929193 33326
21929217 33326
21929275 33326
21929277 33326
21929307 33326
21929335 33326
21929347 33326
21929355 33326
21929359 33326
21929377 33326
21929407 33326
21929413 33326
21929433 33326
21929445 33326
21929509 33326
21929515 33326
21929527 33326
21929533 33326
21929545 33326
21929559 33326
21929565 33326
21929569 33326
21929629 33326
21929635 33326
21929637 33326
21929649 33326
21929659 33326
21929695 33326
21929697 33326
21929713 33326
21929733 33326
21929739 33326
21929767 33326
21929797 33326
21929839 33326
21929919 33326
21929923 33326
21929965 33326
21929967 33326
21929985 33326
21929995 33326
21930003 33326
21930007 33326
21930037 33326
21930073 33326
21930075 33326
21930099 33326
21930127 33326
21930129 33326
21930133 33326
21930169 33326
21930177 33326
21930195 33326
21930199 33326
21930205 33326
21930213 33326
21930243 33326
21930253 33326
21930289 33326
21930295 33326
21930313 33326
21930325 33326
21930367 33326
21930373 33326
21930423 33326
21930447 33326
21930477 33326
21930499 33326
21930537 33326
21930559 33326
21930573 33326
21930583 33326
21930589 33326
21930595 33326
21930597 33326
21930603 33326
21930609 33326
21930643 33326
21930663 33326
21930667 33326
21930685 33326
21930745 33326
21930775 33326
21930787 33326
21930807 33326
21930813 33326
21930817 33326
21930853 33326
21930883 33326
21930913 33326
21930927 33326
21930939 33326
21930987 33326
21931017 33326
21931035 33326
21931083 33326
21931093 33326
21931119 33326
21931137 33326
21931143 33326
21931147 33326
21931149 33326
21931155 33326
21931165 33326
21931167 33326
21931195 33326
21931233 33326
21931239 33326
21931255 33326
21931293 33326
21931317 33326
21931323 33326
21931353 33326
21931357 33326
21931359 33326
21931365 33326
21931405 33326
21931483 33326
21931485 33326
21931527 33326
21931557 33326
21931573 33326
21931587 33326
21931609 33326
21931615 33326
21931623 33326
21931687 33326
21931723 33326
21931735 33326
21931743 33326
21931779 33326
21931785 33326
21931827 33326
21931837 33326
21931855 33326
21931863 33326
21931867 33326
21931869 33326
21931879 33326
21931885 33326
21931945 33326
21931963 33326
21931977 33326
21931989 33326
21932047 33326
21932067 33326
21932085 33326
21932089 33326
21932179 33326
21932197 33326
21932259 33326
21932275 33326
21932299 33326
21932397 33326
21932409 33326
21932413 33326
21932415 33326
21932437 33326
21932445 33326
21932457 33326
21932469 33326
21932493 33326
21932509 33326
21932523 33326
21932527 33326
21932533 33326
21932547 33326
21932553 33326
21932575 33326
21932599 33326
21932605 33326
21932607 33326
21932617 33326
21932619 33326
21932659 33326
21932707 33326
21932725 33326
21932737 33326
21932787 33326
21932793 33326
21932803 33326
21932827 33326
21932857 33326
21932889 33326
21932893 33326
21932973 33326
21932989 33326
21932995 33326
21932997 33326
21933009 33326
21933019 33326
21933045 33326
21933079 33326
21933087 33326
21933099 33326
21933103 33326
21933153 33326
21933169 33326
21933177 33326
21933199 33326
21933207 33326
21933219 33326
21933255 33326
21933285 33326
21933319 33326
21933327 33326
21933337 33326
21933339 33326
21933363 33326
21933375 33326
21933387 33326
21933435 33326
21933453 33326
21933495 33326
21933513 33326
21933547 33326
21933559 33326
21933579 33326
21933585 33326
21933607 33326
21933613 33326
21933627 33326
21933639 33326
21933645 33326
21933667 33326
21933717 33326
21933729 33326
21933757 33326
21933769 33326
21933783 33326
21933789 33326
21933799 33326
21933813 33326
21933843 33326
21933853 33326
21933859 33326
21933867 33326
21933919 33326
21933927 33326
21933955 33326
21933999 33326
21934009 33326
21934023 33326
21934033 33326
21934053 33326
21934075 33326
21934107 33326
21934117 33326
21934119 33326
21934135 33326
21934147 33326
21934165 33326
21934185 33326
21934207 33326
21934209 33326
21934255 33326
21934285 33326
21934299 33326
21934329 33326
21934333 33326
21934339 33326
21934353 33326
21934429 33326
21934443 33326
21934453 33326
21934485 33326
21934593 33326
21934629 33326
21934639 33326
21934653 33326
21934707 33326
21934713 33326
21934717 33326
21934719 33326
21934735 33326
21934753 33326
21934755 33326
21934777 33326
21934789 33326
21934839 33326
21934845 33326
21934849 33326
21934857 33326
21934879 33326
21934905 33326
21934915 33326
21934927 33326
21935053 33326
21935097 33326
21935115 33326
21935127 33326
21935167 33326
21935173 33326
21935187 33326
21935193 33326
21935197 33326
21935223 33326
21935269 33326
21935313 33326
21935323 33326
21935325 33326
21935347 33326
21935349 33326
21935355 33326
21935455 33326
21935473 33326
21935493 33326
21935497 33326
21935517 33326
21935533 33326
21935539 33326
21935545 33326
21935563 33326
21935643 33326
21935719 33326
21935743 33326
21935757 33326
21935763 33326
21935767 33326
21935773 33326
21935809 33326
21935815 33326
21935817 33326
21935823 33326
21935833 33326
21935859 33326
21935899 33326
21935907 33326
21935973 33326
21935983 33326
21936033 33326
21936039 33326
21936069 33326
21936075 33326
21936093 33326
21936097 33326
21936103 33326
21936109 33326
21936135 33326
21936139 33326
21936153 33326
21936169 33326
21936183 33326
21936189 33326
21936219 33326
21936223 33326
21936225 33326
21936247 33326
21936277 33326
21936285 33326
21936289 33326
21936295 33326
21936315 33326
21936343 33326
21936345 33326
21936373 33326
21936403 33326
21936417 33326
21936429 33326
21936499 33326
21936517 33326
21936529 33326
21936537 33326
21936553 33326
21936555 33326
21936627 33326
21936663 33326
21936673 33326
21936687 33326
21936709 33326
21936733 33326
21936735 33326
21936769 33326
21936777 33326
21936817 33326
21936819 33326
21936823 33326
21936849 33326
21936859 33326
21936865 33326
21936867 33326
21936933 33326
21936937 33326
21936939 33326
21936963 33326
21936967 33326
21936985 33326
21936999 33326
21937069 33326
21937083 33326
21937093 33326
21937099 33326
21937129 33326
21937135 33326
21937143 33326
21937159 33326
21937195 33326
21937197 33326
21937203 33326
21937237 33326
21937239 33326
21937245 33326
21937279 33326
21937299 33326
21937377 33326
21937455 33326
21937465 33326
21937467 33326
21937563 33326
21937579 33326
21937617 33326
21937623 33326
21937635 33326
21937653 33326
21937665 33326
21937675 33326
21937693 33326
21937759 33326
21937803 33326
21937813 33326
21937827 33326
21937849 33326
21937869 33326
21937875 33326
21937887 33326
21937897 33326
21937905 33326
21937939 33326
21937965 33326
21937993 33326
21938025 33326
21938035 33326
21938055 33326
21938073 33326
21938085 33326
21938113 33326
21938125 33326
21938133 33326
21938155 33326
21938199 33326
21938223 33326
21938245 33326
21938259 33326
21938317 33326
21938319 33326
21938325 33326
21938353 33326
21938367 33326
21938389 33326
21938403 33326
21938427 33326
21938443 33326
21938455 33326
21938457 33326
21938463 33326
21938475 33326
21938487 33326
21938497 33326
21938499 33326
21938515 33326
21938535 33326
21938545 33326
21938577 33326
21938587 33326
21938589 33326
21938625 33326
21938655 33326
21938679 33326
21938689 33326
21938697 33326
21938737 33326
21938739 33326
21938767 33326
21938797 33326
21938815 33326
21938863 33326
21938869 33326
21938877 33326
21938883 33326
21938889 33326
21938895 33326
21938905 33326
21938917 33326
21938965 33326
21938973 33326
21939003 33326
21939009 33326
21939049 33326
21939085 33326
21939123 33326
21939129 33326
21939177 33326
21939217 33326
21939277 33326
21939303 33326
21939327 33326
21939343 33326
21939355 33326
21939369 33326
21939379 33326
21939393 33326
21939399 33326
21939415 33326
21939507 33326
21939535 33326
21939565 33326
21939577 33326
21939585 33326
21939589 33326
21939595 33326
21939607 33326
21939613 33326
21939639 33326
21939673 33326
21939697 33326
21939729 33326
21939787 33326
21939793 33326
21939807 33326
21939855 33326
21939859 33326
21939877 33326
21939885 33326
21939889 33326
21939897 33326
21939919 33326
21939949 33326
21939969 33326
21940053 33326
21940065 33326
21940095 33326
21940113 33326
21940135 33326
21940143 33326
21940149 33326
21940153 33326
21940159 33326
21940183 33326
21940225 33326
21940237 33326
21940239 33326
21940249 33326
21940255 33326
21940269 33326
21940275 33326
21940297 33326
21940323 33326
21940359 33326
21940369 33326
21940395 33326
21940405 33326
21940425 33326
21940447 33326
21940453 33326
21940509 33326
21940527 33326
21940533 33326
21940543 33326
21940569 33326
21940593 33326
21940603 33326
21940615 33326
21940629 33326
21940635 33326
21940647 33326
21940653 33326
21940657 33326
21940663 33326
21940725 33326
21940755 33326
21940759 33326
21940783 33326
21940845 33326
21940869 33326
21940897 33326
21940939 33326
21940953 33326
21940957 33326
21940963 33326
21940999 33326
21941005 33326
21941025 33326
21941059 33326
21941073 33326
21941089 33326
21941103 33326
21941109 33326
21941119 33326
21941175 33326
21941193 33326
21941203 33326
21941223 33326
21941227 33326
21941229 33326
21941269 33326
21941275 33326
21941307 33326
21941313 33326
21941329 33326
21941355 33326
21941367 33326
21941385 33326
21941425 33326
21941445 33326
21941469 33326
21941473 33326
21941499 33326
21941509 33326
21941517 33326
21941523 33326
21941527 33326
21941529 33326
21941545 33326
21941553 33326
21941557 33326
21941583 33326
21941595 33326
21941623 33326
21941665 33326
21941683 33326
21941707 33326
21941725 33326
21941727 33326
21941737 33326
21941755 33326
21941779 33326
21941833 33326
21941839 33326
21941907 33326
21941983 33326
21941985 33326
21941997 33326
21942013 33326
21942039 33326
21942045 33326
21942055 33326
21942067 33326
21942073 33326
21942075 33326
21942153 33326
21942165 33326
21942189 33326
21942193 33326
21942225 33326
21942259 33326
21942297 33326
21942315 33326
21942319 33326
21942357 33326
21942363 33326
21942367 33326
21942397 33326
21942433 33326
21942445 33326
21942447 33326
21942459 33326
21942463 33326
21942477 33326
21942517 33326
21942535 33326
21942565 33326
21942567 33326
21942595 33326
21942607 33326
21942609 33326
21942633 33326
21942637 33326
21942673 33326
21942699 33326
21942717 33326
21942733 33326
21942739 33326
21942783 33326
21942823 33326
21942867 33326
21942873 33326
21942879 33326
21942907 33326
21942925 33326
21942955 33326
21942979 33326
21942999 33326
21943005 33326
21943027 33326
21943053 33326
21943057 33326
21943095 33326
21943099 33326
21943105 33326
21943113 33326
21943167 33326
21943173 33326
21943215 33326
21943219 33326
21943243 33326
21943267 33326
21943293 33326
21943305 33326
21943315 33326
21943347 33326
21943357 33326
21943377 33326
21943383 33326
21943393 33326
21943399 33326
21943413 33326
21943495 33326
21943497 33326
21943519 33326
21943533 33326
21943573 33326
21943597 33326
21943603 33326
21943635 33326
21943645 33326
21943659 33326
21943683 33326
21943699 33326
21943723 33326
21943777 33326
21943797 33326
21943803 33326
21943813 33326
21943825 33326
21943827 33326
21943833 33326
21943855 33326
21943863 33326
21943867 33326
21943869 33326
21943903 33326
21943905 33326
21943909 33326
21943915 33326
21943929 33326
21943965 33326
21943975 33326
21943989 33326
21943993 33326
21944037 33326
21944043 33326
21944103 33326
21944113 33326
21944125 33326
21944139 33326
21944167 33326
21944175 33326
21944197 33326
21944199 33326
21944205 33326
21944239 33326
21944283 33326
21944287 33326
21944317 33326
21944365 33326
21944377 33326
21944383 33326
21944385 33326
21944397 33326
21944433 33326
21944443 33326
21944479 33326
21944499 33326
21944503 33326
21944535 33326
21944545 33326
21944547 33326
21944553 33326
21944595 33326
21944607 33326
21944619 33326
21944623 33326
21944635 33326
21944637 33326
21944647 33326
21944673 33326
21944763 33326
21944773 33326
21944785 33326
21944787 33326
21944833 33326
21944839 33326
21944877 33326
21944895 33326
21944899 33326
21944955 33326
21944959 33326
21945013 33326
21945085 33326
21945093 33326
21945115 33326
21945139 33326
21945157 33326
21945189 33326
21945213 33326
21945247 33326
21945289 33326
21945297 33326
21945333 33326
21945343 33326
21945345 33326
21945373 33326
21945385 33326
21945387 33326
21945393 33326
21945405 33326
21945409 33326
21945417 33326
21945427 33326
21945429 33326
21945463 33326
21945469 33326
21945505 33326
21945519 33326
21945609 33326
21945613 33326
21945639 33326
21945645 33326
21945657 33326
21945675 33326
21945679 33326
21945685 33326
21945703 33326
21945727 33326
21945757 33326
21945763 33326
21945793 33326
21945795 33326
21945807 33326
21945813 33326
21945829 33326
21945847 33326
21945865 33326
21945889 33326
21945903 33326
21945937 33326
21945939 33326
21945967 33326
21946033 33326
21946053 33326
21946107 33326
21946119 33326
21946149 33326
21946159 33326
21946165 33326
21946203 33326
21946215 33326
21946245 33326
21946257 33326
21946287 33326
21946297 33326
21946339 33326
21946345 33326
21946347 33326
21946365 33326
21946387 33326
21946399 33326
21946429 33326
21946443 33326
21946459 33326
21946477 33326
21946479 33326
21946483 33326
21946533 33326
21946539 33326
21946543 33326
21946569 33326
21946585 33326
21946593 33326
21946597 33326
21946633 33326
21946635 33326
21946647 33326
21946663 33326
21946665 33326
21946669 33326
21946675 33326
21946723 33326
21946725 33326
21946737 33326
21946749 33326
21946765 33326
21946819 33326
21946855 33326
21946857 33326
21946869 33326
21946873 33326
21946879 33326
21946897 33326
21946933 33326
21946957 33326
21947005 33326
21947037 33326
21947055 33326
21947059 33326
21947065 33326
21947089 33326
21947095 33326
21947127 33326
21947143 33326
21947215 33326
21947293 33326
21947317 33326
21947335 33326
21947347 33326
21947433 33326
21947445 33326
21947449 33326
21947475 33326
21947505 33326
21947533 33326
21947535 33326
21947577 33326
21947587 33326
21947629 33326
21947647 33326
21947649 33326
21947697 33326
21947737 33326
21947739 33326
21947769 33326
21947785 33326
21947835 33326
21947869 33326
21947887 33326
21947913 33326
21947937 33326
21947967 33326
21947983 33326
21948037 33326
21948049 33326
21948055 33326
21948063 33326
21948087 33326
21948103 33326
21948129 33326
21948157 33326
21948193 33326
21948195 33326
21948223 33326
21948235 33326
21948249 33326
21948255 33326
21948307 33326
21948333 33326
21948367 33326
21948369 33326
21948385 33326
21948409 33326
21948417 33326
21948429 33326
21948439 33326
21948457 33326
21948465 33326
21948483 33326
21948489 33326
21948499 33326
21948507 33326
21948513 33326
21948583 33326
21948595 33326
21948607 33326
21948613 33326
21948615 33326
21948637 33326
21948649 33326
21948663 33326
21948699 33326
21948739 33326
21948775 33326
21948805 33326
21948807 33326
21948817 33326
21948829 33326
21948837 33326
21948847 33326
21948873 33326
21948885 33326
21948895 33326
21948903 33326
21948913 33326
21948927 33326
21948949 33326
21948979 33326
21948987 33326
21949035 33326
21949039 33326
21949057 33326
21949059 33326
21949077 33326
21949179 33326
21949213 33326
21949215 33326
21949227 33326
21949269 33326
21949279 33326
21949293 33326
21949299 33326
21949305 33326
21949347 33326
21949365 33326
21949375 33326
21949377 33326
21949383 33326
21949447 33326
21949449 33326
21949477 33326
21949507 33326
21949509 33326
21949525 33326
21949533 33326
21949537 33326
21949557 33326
21949575 33326
21949579 33326
21949599 33326
21949603 33326
21949629 33326
21949647 33326
21949675 33326
21949677 33326
21949705 33326
21949713 33326
21949717 33326
21949719 33326
21949753 33326
21949759 33326
21949773 33326
21949785 33326
21949803 33326
21949887 33326
21949897 33326
21949915 33326
21949917 33326
21949935 33326
21949959 33326
21950007 33326
21950025 33326
21950029 33326
21950047 33326
21950065 33326
21950067 33326
21950155 33326
21950179 33326
21950193 33326
21950205 33326
21950215 33326
21950229 33326
21950235 33326
21950289 33326
21950293 33326
21950305 33326
21950307 33326
21950313 33326
21950359 33326
21950383 33326
21950389 33326
21950397 33326
21950419 33326
21950449 33326
21950485 33326
21950497 33326
21950527 33326
21950547 33326
21950553 33326
21950589 33326
21950593 33326
21950635 33326
21950665 33326
21950667 33326
21950709 33326
21950749 33326
21950767 33326
21950775 33326
21950785 33326
21950799 33326
21950809 33326
21950827 33326
21950833 33326
21950875 33326
21950877 33326
21950887 33326
21950953 33326
21950967 33326
21950973 33326
21950985 33326
21950995 33326
21951009 33326
21951027 33326
21951037 33326
21951079 33326
21951085 33326
21951087 33326
21951099 33326
21951135 33326
21951145 33326
21951169 33326
21951175 33326
21951189 33326
21951217 33326
21951219 33326
21951223 33326
21951267 33326
21951285 33326
21951295 33326
21951343 33326
21951357 33326
21951379 33326
21951385 33326
21951393 33326
21951427 33326
21951435 33326
21951453 33326
21951525 33326
21951555 33326
21951559 33326
21951589 33326
21951597 33326
21951615 33326
21951645 33326
21951657 33326
21951687 33326
21951715 33326
21951733 33326
21951783 33326
21951813 33326
21951819 33326
21951843 33326
21951849 33326
21951877 33326
21951883 33326
21951913 33326
21951979 33326
21951987 33326
21951997 33326
21952003 33326
21952029 33326
21952083 33326
21952087 33326
21952099 33326
21952105 33326
21952129 33326
21952137 33326
21952143 33326
21952179 33326
21952207 33326
21952209 33326
21952275 33326
21952303 33326
21952305 33326
21952315 33326
21952353 33326
21952363 33326
21952395 33326
21952413 33326
21952435 33326
21952437 33326
21952477 33326
21952527 33326
21952533 33326
21952539 33326
21952543 33326
21952599 33326
21952639 33326
21952675 33326
21952729 33326
21952737 33326
21952767 33326
21952785 33326
21952809 33326
21952825 33326
21952903 33326
21952939 33326
21952953 33326
21952965 33326
21952987 33326
21953019 33326
21953043 33326
21953049 33326
21953059 33326
21953073 33326
21953095 33326
21953107 33326
21953127 33326
21953143 33326
21953145 33326
21953149 33326
21953199 33326
21953247 33326
21953253 33326
21953283 33326
21953295 33326
21953299 33326
21953313 33326
21953317 33326
21953325 33326
21953427 33326
21953445 33326
21953449 33326
21953497 33326
21953499 33326
21953529 33326
21953535 33326
21953563 33326
21953565 33326
21953569 33326
21953583 33326
21953593 33326
21953617 33326
21953635 33326
21953667 33326
21953697 33326
21953709 33326
21953725 33326
21953743 33326
21953763 33326
21953767 33326
21953775 33326
21953793 33326
21953815 33326
21953823 33326
21953869 33326
21953893 33326
21953899 33326
21953919 33326
21953947 33326
21953955 33326
21953973 33326
21953985 33326
21953995 33326
21954003 33326
21954045 33326
21954055 33326
21954115 33326
21954123 33326
21954129 33326
21954139 33326
21954159 33326
21954165 33326
21954177 33326
21954183 33326
21954205 33326
21954207 33326
21954223 33326
21954225 33326
21954249 33326
21954265 33326
21954303 33326
21954307 33326
21954313 33326
21954319 33326
21954405 33326
21954417 33326
21954435 33326
21954453 33326
21954475 33326
21954487 33326
21954579 33326
21954583 33326
21954589 33326
21954613 33326
21954625 33326
21954627 33326
21954639 33326
21954643 33326
21954667 33326
21954669 33326
21954717 33326
21954723 33326
21954729 33326
21954753 33326
21954757 33326
21954769 33326
21954775 33326
21954789 33326
21954837 33326
21954843 33326
21954849 33326
21954853 33326
21954859 33326
21954915 33326
21954919 33326
21954993 33326
21954999 33326
21955017 33326
21955023 33326
21955033 33326
21955069 33326
21955077 33326
21955119 33326
21955125 33326
21955135 33326
21955143 33326
21955149 33326
21955153 33326
21955165 33326
21955179 33326
21955213 33326
21955219 33326
21955227 33326
21955245 33326
21955263 33326
21955273 33326
21955285 33326
21955299 33326
21955303 33326
21955363 33326
21955369 33326
21955375 33326
21955389 33326
21955447 33326
21955459 33326
21955473 33326
21955497 33326
21955503 33326
21955527 33326
21955567 33326
21955593 33326
21955633 33326
21955653 33326
21955723 33326
21955749 33326
21955795 33326
21955857 33326
21955893 33326
21955903 33326
21955905 33326
21955933 33326
21955977 33326
21955983 33326
21955993 33326
21956053 33326
21956055 33326
21956059 33326
21956073 33326
21956089 33326
21956143 33326
21956157 33326
21956209 33326
21956235 33326
21956239 33326
21956253 33326
21956257 33326
21956265 33326
21956319 33326
21956365 33326
21956389 33326
21956409 33326
21956419 33326
21956425 33326
21956445 33326
21956455 33326
21956463 33326
21956467 33326
21956469 33326
21956575 33326
21956577 33326
21956593 33326
21956595 33326
21956599 33326
21956605 33326
21956643 33326
21956689 33326
21956713 33326
21956733 33326
21956749 33326
21956767 33326
21956775 33326
21956797 33326
21956833 33326
21956845 33326
21956887 33326
21956893 33326
21956929 33326
21956955 33326
21957037 33326
21957039 33326
21957103 33326
21957109 33326
21957123 33326
21957127 33326
21957165 33326
21957175 33326
21957193 33326
21957195 33326
21957235 33326
21957243 33326
21957259 33326
21957267 33326
21957277 33326
21957313 33326
21957319 33326
21957343 33326
21957357 33326
21957369 33326
21957375 33326
21957385 33326
21957397 33326
21957429 33326
21957433 33326
21957457 33326
21957475 33326
21957487 33326
21957489 33326
21957495 33326
21957517 33326
21957547 33326
21957573 33326
21957585 33326
21957589 33326
21957603 33326
21957615 33326
21957657 33326
21957669 33326
21957673 33326
21957685 33326
21957709 33326
21957729 33326
21957747 33326
21957763 33326
21957765 33326
21957793 33326
21957795 33326
21957807 33326
21957879 33326
21957883 33326
21957897 33326
21957919 33326
21957933 33326
21957943 33326
21957945 33326
21957949 33326
21957957 33326
21957967 33326
21957973 33326
21958005 33326
21958057 33326
21958105 33326
21958117 33326
21958119 33326
21958149 33326
21958159 33326
21958177 33326
21958185 33326
21958189 33326
21958197 33326
21958219 33326
21958227 33326
21958269 33326
21958275 33326
21958287 33326
21958297 33326
21958309 33326
21958317 33326
21958357 33326
21958387 33326
21958399 33326
21958405 33326
21958477 33326
21958579 33326
21958593 33326
21958605 33326
21958609 33326
21958689 33326
21958695 33326
21958699 33326
21958747 33326
21958749 33326
21958785 33326
21958807 33326
21958813 33326
21958825 33326
21958839 33326
21958863 33326
21958867 33326
21958885 33326
21958905 33326
21958923 33326
21958945 33326
21958959 33326
21958993 33326
21959013 33326
21959017 33326
21959025 33326
21959029 33326
21959035 33326
21959059 33326
21959067 33326
21959077 33326
21959107 33326
21959125 33326
21959127 33326
21959149 33326
21959169 33326
21959193 33326
21959235 33326
21959275 33326
21959283 33326
21959305 33326
21959307 33326
21959319 33326
21959323 33326
21959325 33326
21959335 33326
21959365 33326
21959379 33326
21959407 33326
21959415 33326
21959445 33326
21959463 33326
21959469 33326
21959497 33326
21959503 33326
21959539 33326
21959557 33326
21959563 33326
21959583 33326
21959587 33326
21959595 33326
21959605 33326
21959617 33326
21959685 33326
21959709 33326
21959737 33326
21959767 33326
21959937 33326
21959953 33326
21959959 33326
21959979 33326
21960057 33326
21960063 33326
21960117 33326
21960127 33326
21960133 33326
21960159 33326
21960193 33326
21960207 33326
21960217 33326
21960235 33326
21960247 33326
21960255 33326
21960283 33326
21960295 33326
21960309 33326
21960339 33326
21960345 33326
21960379 33326
21960385 33326
21960387 33326
21960399 33326
21960427 33326
21960459 33326
21960465 33326
21960523 33326
21960543 33326
21960595 33326
21960597 33326
21960609 33326
21960619 33326
21960633 33326
21960667 33326
21960673 33326
21960697 33326
21960739 33326
21960745 33326
21960759 33326
21960763 33326
21960819 33326
21960843 33326
21960847 33326
21960855 33326
21960873 33326
21960897 33326
21960907 33326
21960915 33326
21961003 33326
21961017 33326
21961023 33326
21961039 33326
21961045 33326
21961075 33326
21961093 33326
21961113 33326
21961117 33326
21961125 33326
21961129 33326
21961135 33326
21961149 33326
21961167 33326
21961183 33326
21961207 33326
21961237 33326
21961239 33326
21961249 33326
21961255 33326
21961257 33326
21961269 33326
21961303 33326
21961333 33326
21961353 33326
21961375 33326
21961425 33326
21961443 33326
21961447 33326
21961459 33326
21961479 33326
21961485 33326
21961507 33326
21961509 33326
21961515 33326
21961519 33326
21961573 33326
21961587 33326
21961615 33326
21961617 33326
21961629 33326
21961635 33326
21961669 33326
21961689 33326
21961699 33326
21961723 33326
21961743 33326
21961747 33326
21961755 33326
21961767 33326
21961773 33326
21961807 33326
21961815 33326
21961867 33326
21961885 33326
21961899 33326
21961929 33326
21961933 33326
21961947 33326
21961977 33326
21961999 33326
21962049 33326
21962053 33326
21962055 33326
21962059 33326
21962079 33326
21962103 33326
21962107 33326
21962167 33326
21962173 33326
21962185 33326
21962223 33326
21962233 33326
21962257 33326
21962263 33326
21962269 33326
21962277 33326
21962289 33326
21962319 33326
21962329 33326
21962389 33326
21962427 33326
21962439 33326
21962443 33326
21962457 33326
21962473 33326
21962493 33326
21962545 33326
21962563 33326
21962587 33326
21962607 33326
21962635 33326
21962637 33326
21962655 33326
21962677 33326
21962679 33326
21962685 33326
21962689 33326
21962719 33326
21962737 33326
21962745 33326
21962779 33326
21962787 33326
21962817 33326
21962839 33326
21962887 33326
21962889 33326
21962899 33326
21962935 33326
21962943 33326
21962955 33326
21962985 33326
21963015 33326
21963025 33326
21963039 33326
21963043 33326
21963045 33326
21963099 33326
21963103 33326
21963115 33326
21963169 33326
21963193 33326
21963199 33326
21963207 33326
21963225 33326
21963237 33326
21963283 33326
21963307 33326
21963309 33326
21963357 33326
21963385 33326
21963403 33326
21963405 33326
21963445 33326
21963517 33326
21963549 33326
21963559 33326
21963573 33326
21963579 33326
21963595 33326
21963643 33326
21963657 33326
21963687 33326
21963697 33326
21963703 33326
21963715 33326
21963747 33326
21963753 33326
21963787 33326
21963795 33326
21963799 33326
21963813 33326
21963817 33326
21963819 33326
21963823 33326
21963829 33326
21963847 33326
21963853 33326
21963855 33326
21963889 33326
21963909 33326
21963943 33326
21963955 33326
21963985 33326
21963993 33326
21963999 33326
21964005 33326
21964009 33326
21964035 33326
21964057 33326
21964065 33326
21964107 33326
21964159 33326
21964203 33326
21964215 33326
21964275 33326
21964303 33326
21964327 33326
21964345 33326
21964357 33326
21964375 33326
21964407 33326
21964419 33326
21964429 33326
21964435 33326
21964447 33326
21964449 33326
21964473 33326
21964483 33326
21964497 33326
21964513 33326
21964519 33326
21964525 33326
21964539 33326
21964573 33326
21964579 33326
21964585 33326
21964623 33326
21964627 33326
21964657 33326
21964683 33326
21964687 33326
21964735 33326
21964737 33326
21964785 33326
21964807 33326
21964825 33326
21964867 33326
21964909 33326
21964923 33326
21964945 33326
21964953 33326
21964963 33326
21964977 33326
21964989 33326
21964995 33326
21965035 33326
21965043 33326
21965055 33326
21965139 33326
21965157 33326
21965163 33326
21965185 33326
21965205 33326
21965217 33326
21965239 33326
21965265 33326
21965269 33326
21965289 33326
21965293 33326
21965337 33326
21965359 33326
21965383 33326
21965385 33326
21965409 33326
21965439 33326
21965449 33326
21965457 33326
21965517 33326
21965533 33326
21965545 33326
21965647 33326
21965709 33326
21965727 33326
21965745 33326
21965749 33326
21965773 33326
21965775 33326
21965779 33326
21965799 33326
21965805 33326
21965853 33326
21965859 33326
21965863 33326
21965887 33326
21965923 33326
21965925 33326
21965967 33326
21965979 33326
21966007 33326
21966009 33326
21966037 33326
21966039 33326
21966067 33326
21966099 33326
21966123 33326
21966127 33326
21966147 33326
21966169 33326
21966175 33326
21966193 33326
21966195 33326
21966205 33326
21966235 33326
21966267 33326
21966279 33326
21966315 33326
21966319 33326
21966333 33326
21966447 33326
21966465 33326
21966483 33326
21966487 33326
21966547 33326
21966559 33326
21966573 33326
21966583 33326
21966603 33326
21966645 33326
21966657 33326
21966673 33326
21966685 33326
21966703 33326
21966763 33326
21966769 33326
21966783 33326
21966813 33326
21966823 33326
21966843 33326
21966855 33326
21966865 33326
21966877 33326
21966895 33326
21966897 33326
21966913 33326
21966969 33326
21966979 33326
21966993 33326
21966997 33326
21967003 33326
21967009 33326
21967033 33326
21967045 33326
21967059 33326
21967063 33326
21967129 33326
21967135 33326
21967155 33326
21967165 33326
21967185 33326
21967227 33326
21967239 33326
21967257 33326
21967287 33326
21967333 33326
21967339 33326
21967389 33326
21967425 33326
21967449 33326
21967453 33326
21967459 33326
21967473 33326
21967477 33326
21967497 33326
21967575 33326
21967579 33326
21967605 33326
21967645 33326
21967659 33326
21967665 33326
21967717 33326
21967729 33326
21967759 33326
21967779 33326
21967827 33326
21967879 33326
21967903 33326
21967927 33326
21967945 33326
21967947 33326
21967977 33326
21967995 33326
21967999 33326
21968013 33326
21968023 33326
21968037 33326
21968047 33326
21968067 33326
21968085 33326
21968109 33326
21968113 33326
21968137 33326
21968149 33326
21968155 33326
21968179 33326
21968199 33326
21968223 33326
21968269 33326
21968283 33326
21968317 33326
21968347 33326
21968367 33326
21968395 33326
21968415 33326
21968419 33326
21968439 33326
21968499 33326
21968523 33326
21968527 33326
21968533 33326
21968563 33326
21968607 33326
21968629 33326
21968635 33326
21968643 33326
21968647 33326
21968673 33326
21968683 33326
21968685 33326
21968743 33326
21968767 33326
21968775 33326
21968797 33326
21968803 33326
21968845 33326
21968863 33326
21968883 33326
21968899 33326
21968955 33326
21968967 33326
21968979 33326
21968985 33326
21968995 33326
21969007 33326
21969049 33326
21969073 33326
21969097 33326
21969117 33326
21969139 33326
21969153 33326
21969159 33326
21969163 33326
21969199 33326
21969207 33326
21969237 33326
21969279 33326
21969289 33326
21969297 33326
21969313 33326
21969319 33326
21969339 33326
21969355 33326
21969357 33326
21969363 33326
21969375 33326
21969387 33326
21969397 33326
21969499 33326
21969513 33326
21969553 33326
21969565 33326
21969577 33326
21969585 33326
21969595 33326
21969597 33326
21969609 33326
21969615 33326
21969633 33326
21969637 33326
21969663 33326
21969667 33326
21969669 33326
21969675 33326
21969693 33326
21969697 33326
21969747 33326
21969783 33326
21969805 33326
21969807 33326
21969823 33326
21969849 33326
21969865 33326
21969933 33326
21969937 33326
21969955 33326
21969969 33326
21970059 33326
21970077 33326
21970117 33326
21970179 33326
21970183 33326
21970197 33326
21970225 33326
21970227 33326
21970249 33326
21970285 33326
21970305 33326
21970327 33326
21970377 33326
21970413 33326
21970437 33326
21970479 33326
21970483 33326
21970489 33326
21970509 33326
21970525 33326
21970593 33326
21970605 33326
21970687 33326
21970693 33326
21970699 33326
21970717 33326
21970749 33326
21970755 33326
21970789 33326
21970819 33326
21970855 33326
21970873 33326
21970875 33326
21970879 33326
21970885 33326
21970923 33326
21970957 33326
21970963 33326
21970993 33326
21971007 33326
21971025 33326
21971047 33326
21971049 33326
21971053 33326
21971083 33326
21971097 33326
21971103 33326
21971145 33326
21971155 33326
21971163 33326
21971193 33326
21971235 33326
21971247 33326
21971313 33326
21971347 33326
21971415 33326
21971419 33326
21971445 33326
21971449 33326
21971455 33326
21971467 33326
21971475 33326
21971487 33326
21971509 33326
21971517 33326
21971553 33326
21971557 33326
21971559 33326
21971587 33326
21971599 33326
21971623 33326
21971625 33326
21971655 33326
21971695 33326
21971727 33326
21971737 33326
21971749 33326
21971767 33326
21971779 33326
21971785 33326
21971827 33326
21971839 33326
21971853 33326
21971865 33326
21971877 33326
21971889 33326
21971895 33326
21971905 33326
21971937 33326
21971943 33326
21971965 33326
21971977 33326
21971985 33326
21971995 33326
21972007 33326
21972079 33326
21972085 33326
21972097 33326
21972157 33326
21972159 33326
21972163 33326
21972189 33326
21972217 33326
21972237 33326
21972279 33326
21972325 33326
21972327 33326
21972337 33326
21972339 33326
21972345 33326
21972355 33326
21972387 33326
21972405 33326
21972409 33326
21972453 33326
21972477 33326
21972489 33326
21972493 33326
21972507 33326
21972535 33326
21972537 33326
21972549 33326
21972559 33326
21972565 33326
21972619 33326
21972637 33326
21972645 33326
21972667 33326
21972673 33326
21972687 33326
21972699 33326
21972727 33326
21972747 33326
21972783 33326
21972793 33326
21972807 33326
21972813 33326
21972817 33326
21972843 33326
21972849 33326
21972855 33326
21972883 33326
21972885 33326
21972895 33326
21972897 33326
21972909 33326
21972933 33326
21972945 33326
21972985 33326
21973003 33326
21973035 33326
21973053 33326
21973059 33326
21973083 33326
21973087 33326
21973093 33326
21973113 33326
21973135 33326
21973183 33326
21973207 33326
21973213 33326
21973225 33326
21973233 33326
21973273 33326
21973317 33326
21973345 33326
21973359 33326
21973393 33326
21973395 33326
21973405 33326
21973413 33326
21973417 33326
21973423 33326
21973437 33326
21973447 33326
21973449 33326
21973473 33326
21973479 33326
21973519 33326
21973543 33326
21973557 33326
21973575 33326
21973587 33326
21973605 33326
21973615 33326
21973623 33326
21973627 33326
21973629 33326
21973633 33326
21973693 33326
21973707 33326
21973717 33326
21973723 33326
21973725 33326
21973735 33326
21973743 33326
21973783 33326
21973785 33326
21973809 33326
21973827 33326
21973833 33326
21973849 33326
21973879 33326
21973909 33326
21973935 33326
21973945 33326
21973959 33326
21974025 33326
21974037 33326
21974065 33326
21974067 33326
21974109 33326
21974113 33326
21974133 33326
21974149 33326
21974155 33326
21974169 33326
21974185 33326
21974193 33326
21974199 33326
21974235 33326
21974245 33326
21974263 33326
21974283 33326
21974287 33326
21974289 33326
21974317 33326
21974325 33326
21974355 33326
21974413 33326
21974445 33326
21974469 33326
21974479 33326
21974487 33326
21974493 33326
21974505 33326
21974523 33326
21974533 33326
21974535 33326
21974539 33326
21974565 33326
21974599 33326
21974619 33326
21974647 33326
21974659 33326
21974697 33326
21974715 33326
21974733 33326
21974749 33326
21974809 33326
21974815 33326
21974817 33326
21974829 33326
21974835 33326
21974847 33326
21974857 33326
21974887 33326
21974947 33326
21974949 33326
21974953 33326
21974967 33326
21974983 33326
21975013 33326
21975019 33326
21975037 33326
21975067 33326
21975085 33326
21975103 33326
21975153 33326
21975213 33326
21975235 33326
21975297 33326
21975339 33326
21975349 33326
21975373 33326
21975393 33326
21975417 33326
21975423 33326
21975433 33326
21975439 33326
21975445 33326
21975477 33326
21975519 33326
21975523 33326
21975547 33326
21975559 33326
21975579 33326
21975589 33326
21975627 33326
21975643 33326
21975727 33326
21975739 33326
21975747 33326
21975753 33326
21975759 33326
21975793 33326
21975807 33326
21975843 33326
21975849 33326
21975855 33326
21975859 33326
21975895 33326
21975897 33326
21975907 33326
21975925 33326
21975933 33326
21975967 33326
21975979 33326
21975985 33326
21975997 33326
21975999 33326
21976005 33326
21976027 33326
21976033 33326
21976045 33326
21976065 33326
21976095 33326
21976129 33326
21976149 33326
21976173 33326
21976189 33326
21976209 33326
21976233 33326
21976263 33326
21976275 33326
21976299 33326
21976315 33326
21976327 33326
21976357 33326
21976359 33326
21976387 33326
21976395 33326
21976405 33326
21976417 33326
21976479 33326
21976483 33326
21976515 33326
21976539 33326
21976557 33326
21976563 33326
21976573 33326
21976579 33326
21976623 33326
21976635 33326
21976663 33326
21976683 33326
21976693 33326
21976705 33326
21976725 33326
21976735 33326
21976753 33326
21976759 33326
21976777 33326
21976809 33326
21976819 33326
21976839 33326
21976857 33326
21976885 33326
21976923 33326
21976927 33326
21976929 33326
21976947 33326
21976957 33326
21976965 33326
21976987 33326
21977019 33326
21977029 33326
21977047 33326
21977085 33326
21977095 33326
21977097 33326
21977125 33326
21977139 33326
21977143 33326
21977175 33326
21977185 33326
21977209 33326
21977253 33326
21977293 33326
21977299 33326
21977325 33326
21977353 33326
21977365 33326
21977419 33326
21977425 33326
21977437 33326
21977455 33326
21977469 33326
21977487 33326
21977497 33326
21977505 33326
21977509 33326
21977547 33326
21977559 33326
21977575 33326
21977619 33326
21977649 33326
21977719 33326
21977755 33326
21977805 33326
21977833 33326
21977847 33326
21977857 33326
21977875 33326
21977917 33326
21977955 33326
21977977 33326
21978015 33326
21978069 33326
21978075 33326
21978079 33326
21978093 33326
21978145 33326
21978159 33326
21978169 33326
21978175 33326
21978177 33326
21978183 33326
21978249 33326
21978295 33326
21978313 33326
21978315 33326
21978337 33326
21978343 33326
21978355 33326
21978387 33326
21978397 33326
21978405 33326
21978433 33326
21978447 33326
21978469 33326
21978477 33326
21978495 33326
21978513 33326
21978529 33326
21978547 33326
21978579 33326
21978585 33326
21978603 33326
21978627 33326
21978637 33326
21978639 33326
21978657 33326
21978663 33326
21978685 33326
21978733 33326
21978753 33326
21978775 33326
21978819 33326
21978823 33326
21978825 33326
21978835 33326
21978867 33326
21978883 33326
21978903 33326
21978909 33326
21978925 33326
21978949 33326
21978967 33326
21979003 33326
21979017 33326
21979033 33326
21979059 33326
21979093 33326
21979113 33326
21979119 33326
21979149 33326
21979209 33326
21979225 33326
21979287 33326
21979303 33326
21979309 33326
21979317 33326
21979329 33326
21979345 33326
21979435 33326
21979453 33326
21979477 33326
21979479 33326
21979489 33326
21979537 33326
21979549 33326
21979555 33326
21979567 33326
21979609 33326
21979647 33326
21979663 33326
21979693 33326
21979699 33326
21979723 33326
21979735 33326
21979743 33326
21979813 33326
21979875 33326
21979885 33326
21979923 33326
21979927 33326
21979929 33326
21979947 33326
21979969 33326
21979983 33326
21979989 33326
21979995 33326
21980035 33326
21980055 33326
21980059 33326
21980067 33326
21980073 33326
21980077 33326
21980083 33326
21980109 33326
21980113 33326
21980119 33326
21980125 33326
21980127 33326
21980167 33326
21980199 33326
21980203 33326
21980227 33326
21980235 33326
21980275 33326
21980289 33326
21980293 33326
21980335 33326
21980395 33326
21980419 33326
21980449 33326
21980497 33326
21980499 33326
21980553 33326
21980599 33326
21980643 33326
21980653 33326
21980655 33326
21980683 33326
21980737 33326
21980749 33326
21980757 33326
21980763 33326
21980797 33326
21980799 33326
21980805 33326
21980853 33326
21980863 33326
21980869 33326
21980883 33326
21980889 33326
21980905 33326
21980913 33326
21980925 33326
21980947 33326
21980983 33326
21980989 33326
21981003 33326
21981057 33326
21981073 33326
21981085 33326
21981145 33326
21981165 33326
21981175 33326
21981187 33326
21981213 33326
21981219 33326
21981225 33326
21981243 33326
21981255 33326
21981259 33326
21981289 33326
21981303 33326
21981327 33326
21981345 33326
21981367 33326
21981369 33326
21981373 33326
21981397 33326
21981403 33326
21981409 33326
21981423 33326
21981439 33326
21981457 33326
21981465 33326
21981483 33326
21981499 33326
21981505 33326
21981529 33326
21981535 33326
21981565 33326
21981585 33326
21981607 33326
21981609 33326
21981697 33326
21981745 33326
21981747 33326
21981753 33326
21981777 33326
21981787 33326
21981789 33326
21981819 33326
21981835 33326
21981837 33326
21981849 33326
21981855 33326
21981865 33326
21981873 33326
21981883 33326
21981925 33326
21981927 33326
21981969 33326
21981973 33326
21981975 33326
21982009 33326
21982029 33326
21982059 33326
21982083 33326
21982099 33326
21982113 33326
21982137 33326
21982143 33326
21982173 33326
21982179 33326
21982195 33326
21982209 33326
21982225 33326
21982243 33326
21982279 33326
21982293 33326
21982297 33326
21982359 33326
21982369 33326
21982383 33326
21982387 33326
21982389 33326
21982443 33326
21982467 33326
21982473 33326
21982495 33326
21982503 33326
21982519 33326
21982557 33326
21982585 33326
21982597 33326
21982629 33326
21982653 33326
21982689 33326
21982719 33326
21982723 33326
21982773 33326
21982789 33326
21982825 33326
21982827 33326
21982839 33326
21982887 33326
21982915 33326
21982953 33326
21982969 33326
21982975 33326
21982995 33326
21983025 33326
21983079 33326
21983083 33326
21983089 33326
21983103 33326
21983115 33326
21983137 33326
21983139 33326
21983149 33326
21983157 33326
21983179 33326
21983203 33326
21983205 33326
21983217 33326
21983227 33326
21983235 33326
21983265 33326
21983277 33326
21983283 33326
21983313 33326
21983335 33326
21983395 33326
21983409 33326
21983475 33326
21983485 33326
21983509 33326
21983535 33326
21983557 33326
21983569 33326
21983595 33326
21983613 33326
21983635 33326
21983643 33326
21983655 33326
21983695 33326
21983739 33326
21983749 33326
21983763 33326
21983769 33326
21983805 33326
21983815 33326
21983817 33326
21983833 33326
21983845 33326
21983853 33326
21983863 33326
21983899 33326
21983943 33326
21983973 33326
21984003 33326
21984007 33326
21984015 33326
21984027 33326
21984063 33326
21984087 33326
21984105 33326
21984109 33326
21984115 33326
21984145 33326
21984157 33326
21984195 33326
21984207 33326
21984213 33326
21984267 33326
21984297 33326
21984307 33326
21984325 33326
21984337 33326
21984393 33326
21984403 33326
21984405 33326
21984439 33326
21984445 33326
21984469 33326
21984475 33326
21984523 33326
21984525 33326
21984535 33326
21984543 33326
21984553 33326
21984565 33326
21984567 33326
21984609 33326
21984613 33326
21984633 33326
21984679 33326
21984687 33326
21984699 33326
21984703 33326
21984739 33326
21984747 33326
21984757 33326
21984799 33326
21984817 33326
21984825 33326
21984873 33326
21984907 33326
21984955 33326
21984985 33326
21984987 33326
21985033 33326
21985075 33326
21985089 33326
21985107 33326
21985113 33326
21985125 33326
21985137 33326
21985147 33326
21985173 33326
21985177 33326
21985179 33326
21985183 33326
21985203 33326
21985207 33326
21985245 33326
21985249 33326
21985279 33326
21985285 33326
21985327 33326
21985345 33326
21985389 33326
21985413 33326
21985425 33326
21985443 33326
21985459 33326
21985485 33326
21985503 33326
21985527 33326
21985573 33326
21985599 33326
21985609 33326
21985617 33326
21985645 33326
21985663 33326
21985669 33326
21985729 33326
21985747 33326
21985777 33326
21985789 33326
21985797 33326
21985803 33326
21985809 33326
21985879 33326
21985903 33326
21985917 33326
21985953 33326
21985999 33326
21986013 33326
21986035 33326
21986043 33326
21986103 33326
21986107 33326
21986127 33326
21986155 33326
21986169 33326
21986187 33326
21986199 33326
21986257 33326
21986299 33326
21986313 33326
21986335 33326
21986343 33326
21986349 33326
21986353 33326
21986407 33326
21986439 33326
21986499 33326
21986527 33326
21986533 33326
21986569 33326
21986607 33326
21986629 33326
21986653 33326
21986679 33326
21986713 33326
21986733 33326
21986737 33326
21986757 33326
21986763 33326
21986769 33326
21986785 33326
21986829 33326
21986835 33326
21986847 33326
21986853 33326
21986875 33326
21986899 33326
21986913 33326
21986953 33326
21986965 33326
21986979 33326
21987027 33326
21987043 33326
21987079 33326
21987097 33326
21987109 33326
21987123 33326
21987129 33326
21987135 33326
21987177 33326
21987195 33326
21987237 33326
21987247 33326
21987255 33326
21987295 33326
21987325 33326
21987343 33326
21987387 33326
21987393 33326
21987415 33326
21987417 33326
21987435 33326
21987487 33326
21987489 33326
21987517 33326
21987519 33326
21987549 33326
21987555 33326
21987559 33326
21987583 33326
21987597 33326
21987627 33326
21987637 33326
21987667 33326
21987673 33326
21987687 33326
21987699 33326
21987715 33326
21987727 33326
21987739 33326
21987753 33326
21987765 33326
21987793 33326
21987825 33326
21987883 33326
21987897 33326
21987903 33326
21987913 33326
21987919 33326
21987945 33326
21987955 33326
21987975 33326
21988003 33326
21988023 33326
21988033 33326
21988035 33326
21988045 33326
21988063 33326
21988065 33326
21988147 33326
21988165 33326
21988173 33326
21988179 33326
21988183 33326
21988207 33326
21988213 33326
21988215 33326
21988233 33326
21988297 33326
21988345 33326
21988347 33326
21988365 33326
21988369 33326
21988387 33326
21988389 33326
21988393 33326
21988395 33326
21988399 33326
21988429 33326
21988443 33326
21988465 33326
21988509 33326
21988519 33326
21988537 33326
21988585 33326
21988627 33326
21988633 33326
21988635 33326
21988653 33326
21988669 33326
21988695 33326
21988707 33326
21988717 33326
21988719 33326
21988725 33326
21988785 33326
21988815 33326
21988837 33326
21988843 33326
21988855 33326
21988893 33326
21988899 33326
21988945 33326
21988959 33326
21988975 33326
21989005 33326
21989047 33326
21989067 33326
21989079 33326
21989137 33326
21989163 33326
21989167 33326
21989185 33326
21989229 33326
21989283 33326
21989305 33326
21989313 33326
21989323 33326
21989337 33326
